76.69528448087912 38.20348989490279
88.92803472123919 45.602828606917896
102.89390695920488 53.02110268457885
120.09981868746921 59.9657428450772
142.78936077868443 65.57910083188399
172.18731877656262 68.46707655962344
203.59799626774247 67.42830153314802
229.66015546341796 62.9460505407154
249.23854625106867 56.511011961505844
264.54750460191775 49.24578275444885
277.48400280038965 41.78934713267668
289.2009843910837 34.53199700719178
300.3798383320375 27.7590397370832
311.43315085372467 21.71471258458439
322.60494558186355 16.625928871655287
334.01327238457435 12.703777310544382
345.6687898926273 10.130316057932234
357.49273041024543 9.03685494509764
9.348634201816319 9.482497545621595
21.089174994810968 11.442901482349688
32.60632772191773 14.81502673529943
43.87018536366194 19.4353893629564
54.95163989745707 25.102900207756345
66.03831083640921 31.596538561325417
77.46360095760951 38.68076008700226
89.77756846168063 46.092465526105066
103.90113351675228 53.49744528020203
121.3917459905748 60.386587495957684
144.51911482495157 65.86931152044225
174.27676770080228 68.52477918892804
205.51933013036916 67.22476256515463
231.12172385929978 62.56878558706142
250.34719902524444 56.051468879509606
265.45182261460144 48.75796586924281
278.27971271447575 41.30429304830796
289.9442946950832 34.070611530956576
301.1044837942568 27.33817050189207
312.15960144944637 21.3496459370186
323.34452330855135 16.33105797727079
334.7698067644985 12.492126446485791
346.43960391819996 10.01229928862509
358.27020551973743 9.018751125144632
10.122886673752578 9.565302921344328
21.85141642118504 11.622131817090509
33.351881677066466 15.081573825771002
44.60043642460293 19.776991101305413
55.67511244594758 25.505549878761343
66.77190985842599 32.04527704962115